1 0.13516865079365079 0.5078869047619047 0.2604166666666667 0.48501653439153436
1 0.38256448412698413 0.5211177248677249 0.26165674603174605 0.4817162698412699
1 0.6312003968253969 0.5310416666666666 0.2604166666666667 0.488339947089947
1 0.8738839285714286 0.5434457671957672 0.25223214285714285 0.49000000000000005
0 0.07411706349206348 0.3514914021164021 0.0393874007936508 0.0470238095238095
0 0.18905505952380952 0.36104166666666665 0.0315079365079365 0.04702711640211642
0 0.06337549603174603 0.5000099206349207 0.046547619047619046 0.038511904761904775
0 0.17831349206349206 0.5119477513227514 0.04153521825396826 0.04138558201058204
0 0.06301835317460318 0.6432738095238095 0.038670634920634925 0.04623677248677254
0 0.18869543650793652 0.6485251322751323 0.032224702380952396 0.033822751322751386
0 0.3115104166666667 0.36963955026455025 0.03580605158730156 0.05849537037037033
0 0.30542410714285717 0.5100363756613756 0.029360119047619076 0.043293650793650815
0 0.31437499999999996 0.6499603174603175 0.03294146825396829 0.05006283068783064
0 0.43826140873015873 0.3686838624338625 0.028645833333333332 0.05658399470899475
0 0.43432291666666667 0.5090839947089947 0.0379538690476191 0.0490244708994709
0 0.44255952380952385 0.665244708994709 0.03437251984126988 0.05771164021164021
0 0.5711011904761905 0.38778439153439154 0.033658234126984134 0.02985119047619047
0 0.5621502976190477 0.5162466931216931 0.040101686507936406 0.04425264550264556
0 0.568953373015873 0.6757473544973545 0.04225198412698405 0.046256613756613794
0 0.691765873015873 0.3810978835978836 0.025781249999999954 0.031759259259259244
0 0.7025099206349207 0.5195899470899471 0.037237103174603256 0.052850529100529155
0 0.6971378968253968 0.6690608465608466 0.040818452380952365 0.040522486772486835
0 0.9463467261904762 0.3968584656084656 0.03508928571428561 0.0441832010582011
0 0.8178025793650794 0.3901719576719577 0.03867063492063494 0.04609126984126988
0 0.8242485119047619 0.5281845238095239 0.044399801587301696 0.04330357142857137
0 0.9431225198412698 0.5410780423280424 0.04153521825396832 0.04808862433862436
0 0.8256795634920635 0.6942791005291006 0.040101686507936406 0.04703703703703697
0 0.9416914682539683 0.6823412698412699 0.028645833333333332 0.04798611111111108