1 0.4555092592592593 0.14157242063492065 0.4665806878306879 0.2518849206349207
1 0.45964285714285713 0.3825545634920635 0.46611772486772485 0.24768601190476192
1 0.4647883597883598 0.624563492063492 0.46032738095238085 0.2459052579365079
1 0.466765873015873 0.8766121031746031 0.44742063492063494 0.24677579365079366
0 0.30162698412698413 0.07804315476190476 0.03571759259259259 0.029429563492063483
0 0.4506679894179894 0.06667162698412699 0.029229497354497314 0.0370188492063492
0 0.45734457671957673 0.3170758928571429 0.034570105820105806 0.027296626984126972
0 0.3117228835978836 0.44007192460317457 0.03363756613756615 0.029801587301587266
0 0.3203439153439154 0.6826116071428572 0.029050925925925897 0.02208581349206354
0 0.46257936507936503 0.8108358134920635 0.03185185185185191 0.031344246031746056
0 0.4461276455026455 0.19627728174603173 0.040826719576719586 0.023040674603174625
0 0.3182671957671958 0.8039211309523809 0.04212962962962966 0.028182043650793676
0 0.46819113756613756 0.9267931547619047 0.033746693121693185 0.028206845238095128
0 0.5839649470899471 0.19178819444444445 0.04173280423280417 0.026490575396825384
0 0.45892195767195765 0.44248759920634917 0.034758597883597926 0.027433035714285747
0 0.6055952380952381 0.9316790674603175 0.03813161375661374 0.03651537698412687
0 0.5877612433862435 0.4370858134920635 0.030515873015873083 0.02107390873015868
0 0.3070403439153439 0.32190972222222225 0.031408730158730164 0.02603174603174604
0 0.31367394179894176 0.934156746031746 0.034249338624338606 0.03369295634920644
0 0.5915839947089947 0.8074900793650794 0.03319444444444448 0.03036210317460319
0 0.5912665343915344 0.31386656746031744 0.028697089947090013 0.03278273809523805
0 0.46050925925925923 0.5613789682539683 0.03489748677248684 0.028120039682539708
0 0.31747354497354496 0.5697048611111112 0.02834325396825398 0.022098214285714377
0 0.4565443121693121 0.6857787698412698 0.032030423280423326 0.029238591269841352
0 0.5957473544973545 0.6784871031746031 0.039199735449735436 0.02852926587301581
0 0.577635582010582 0.06809275793650794 0.03781746031746036 0.04013640873015874
0 0.3084589947089947 0.20199404761904763 0.042665343915343906 0.03278273809523811
0 0.5890145502645503 0.559546130952381 0.037123015873015947 0.020739087301587276