1 0.1512872023809524 0.5201686507936508 0.2429861111111111 0.4621130952380952
1 0.3926190476190476 0.5245833333333333 0.2436483134920635 0.46211640211640215
1 0.6352728174603175 0.5294411375661376 0.24828373015873015 0.4647685185185186
1 0.8750719246031746 0.534702380952381 0.2498536706349206 0.4717559523809524
0 0.08838789682539683 0.3703935185185185 0.03773809523809523 0.04780092592592598
0 0.20061259920634922 0.37657407407407406 0.030456349206349195 0.04427248677248681
0 0.08309275793650793 0.5130026455026455 0.04833333333333333 0.039937169312169306
0 0.19564732142857144 0.5222751322751322 0.0390625 0.0355257936507936
0 0.20600694444444445 0.6543683862433862 0.032824900793650774 0.034206349206349226
0 0.08461061507936507 0.6543716931216931 0.03791914682539682 0.04477182539682535
0 0.3189161706349206 0.3799933862433862 0.03565476190476196 0.05442460317460315
0 0.44201140873015876 0.37810515873015876 0.030560515873015823 0.0581977513227514
0 0.3166517857142857 0.517744708994709 0.029995039682539696 0.04167328042328042
0 0.4417286706349206 0.514348544973545 0.03339037698412701 0.04393518518518523
0 0.3265575396825397 0.65244708994709 0.033958333333333354 0.0484722222222222
0 0.452765376984127 0.6641468253968255 0.032824900793650774 0.05376322751322749
0 0.6917485119047619 0.3813293650793651 0.024069940476190523 0.030796957671957708
0 0.5734920634920635 0.3914484126984127 0.03453621031746032 0.028710317460317516
0 0.5656423611111111 0.5184656084656084 0.03976686507936512 0.04134589947089954
0 0.7035218253968254 0.5188161375661376 0.036103670634920565 0.05181216931216926
0 0.5753224206349206 0.670952380952381 0.04133680555555557 0.04631944444444442
0 0.6993353174603174 0.6615310846560847 0.040290178571428525 0.041428571428571495
0 0.8157589285714285 0.38621693121693124 0.03767361111111102 0.046154100529100586
0 0.9400322420634921 0.3897056878306878 0.03505952380952373 0.04336309523809528
0 0.8230853174603174 0.5226521164021164 0.041860119047618986 0.042741402116402115
0 0.9400322420634921 0.5313756613756614 0.03924355158730148 0.044841269841269814
0 0.8241319444444445 0.6831646825396825 0.03872023809523807 0.044232804232804304
0 0.9382018849206349 0.668859126984127 0.028256448412698486 0.04492063492063497