1 0.1445138888888889 0.41357804232804235 0.2419171626984127 0.4545205026455026
1 0.38292906746031746 0.4131547619047619 0.23873263888888893 0.453670634920635
1 0.6194345238095238 0.41018187830687836 0.2406448412698412 0.44942460317460314
1 0.8565773809523809 0.4118783068783069 0.2400074404761905 0.4528207671957672
0 0.0878546626984127 0.25558862433862434 0.028010912698412712 0.0366798941798942
0 0.1913045634920635 0.30993055555555554 0.02610119047619048 0.0519973544973545
0 0.20562996031746034 0.44111441798941803 0.044563492063492076 0.04273148148148141
0 0.09835813492063492 0.5667791005291005 0.031195436507936502 0.05299603174603182
0 0.20021825396825396 0.5761177248677248 0.03501488095238097 0.041114417989417965
0 0.3291344246031746 0.5463988095238095 0.033105158730158735 0.05128306878306876
0 0.32499751984126984 0.4177645502645502 0.0324677579365079 0.04017195767195768
0 0.445 0.2806349206349206 0.026738591269841256 0.027354497354497364
0 0.4465922619047619 0.4194609788359788 0.02992063492063489 0.03507936507936506
0 0.43799603174603174 0.5510681216931217 0.026738591269841256 0.04194775132275129
0 0.5615029761904762 0.2827612433862434 0.035649801587301536 0.05367724867724866
0 0.559593253968254 0.4113955026455026 0.02673859126984137 0.04611111111111113
0 0.08721726190476191 0.44833002645502645 0.03947172619047618 0.05037698412698417
0 0.6837326388888889 0.27554563492063494 0.019099702380952436 0.056220238095238094
0 0.6811879960317461 0.408422619047619 0.020372023809523892 0.03167658730158729
0 0.5659573412698413 0.5425793650793651 0.028010912698412598 0.04194113756613754
0 0.6853249007936508 0.5497949735449735 0.026101190476190424 0.03600198412698409
0 0.7929141865079365 0.28403439153439153 0.0324677579365079 0.04264219576719578
0 0.8015079365079365 0.41861111111111116 0.038196924603174656 0.03677579365079366
0 0.8081944444444444 0.5684722222222222 0.029920634920635 0.03091931216931217
0 0.9253323412698413 0.2759689153439153 0.031195436507936446 0.04348544973544974
0 0.9313814484126984 0.4258300264550265 0.02673859126984137 0.049517195767195696
0 0.9135540674603174 0.5570105820105821 0.03183035714285718 0.0317625661375662
0 0.3217757936507937 0.2634887566137566 0.00830109126984122 0.014996693121693092