1 0.5340575396825398 0.1427579365079365 0.4431084656084657 0.24123511904761907
1 0.5331613756613758 0.3769345238095238 0.4365476190476191 0.23278521825396828
1 0.5254100529100529 0.607063492063492 0.43535714285714283 0.2314459325396825
1 0.5242162698412699 0.8346651785714285 0.4353571428571428 0.2311780753968253
0 0.3903306878306878 0.08704613095238097 0.03637896825396832 0.03498759920634919
0 0.5218320105820106 0.09688988095238096 0.03697420634920633 0.03141617063492062
0 0.6706283068783069 0.09599454365079366 0.04592261904761901 0.03409970238095238
0 0.38376984126984126 0.22838541666666667 0.04234126984126983 0.028720238095238083
0 0.5346527777777778 0.22547619047619047 0.03041666666666667 0.030954861111111096
0 0.6560152116402116 0.23688740079365078 0.046517857142857166 0.030515873015873007
0 0.40344907407407404 0.3178670634920635 0.03995701058201056 0.03145585317460316
0 0.5358465608465609 0.321671626984127 0.03637896825396832 0.0292212301587302
0 0.6575066137566138 0.32144345238095234 0.037572751322751285 0.011773313492063443
0 0.3948015873015873 0.432140376984127 0.03816798941798944 0.03635664682539686
0 0.5307771164021163 0.4464558531746031 0.029818121693121716 0.03189236111111115
0 0.6524371693121693 0.43325644841269845 0.04174603174603168 0.02964781746031745
0 0.3745238095238095 0.545513392857143 0.03697420634920633 0.024255952380952427
0 0.5233201058201058 0.550436507936508 0.035185185185185215 0.0296279761904762
0 0.6440873015873015 0.545515873015873 0.039361772486772556 0.03230902777777789
0 0.37005291005291 0.6747941468253968 0.03399470899470906 0.030553075396825297
0 0.5349503968253968 0.668531746031746 0.03697420634920633 0.036812996031746106
0 0.6449834656084656 0.6575694444444445 0.038763227513227444 0.03098958333333329
0 0.39509920634920637 0.7713938492063492 0.0447288359788359 0.028732638888888978
0 0.5304794973544974 0.7481274801587301 0.04115079365079367 0.03498263888888893
0 0.66198082010582 0.7801165674603174 0.047711640211640205 0.02739583333333334
0 0.36856150793650794 0.8854836309523809 0.023855820105820064 0.02432539682539681
0 0.5239186507936507 0.8810094246031747 0.03637896825396832 0.03237599206349205
0 0.6420006613756614 0.8872743055555555 0.048306878306878284 0.03327380952380949