1 0.12388888888888888 0.5188492063492064 0.24777529761904762 0.4619444444444445
1 0.35913194444444446 0.523452380952381 0.2499231150793651 0.45778108465608464
1 0.5975967261904762 0.5263161375661375 0.2427628968253968 0.45396164021164015
1 0.836780753968254 0.5306150793650793 0.23989831349206336 0.44918981481481485
0 0.06266121031746032 0.36770502645502645 0.025064484126984126 0.014523809523809548
0 0.17222470238095236 0.3844246031746032 0.032224702380952396 0.05369378306878303
0 0.06087053571428572 0.5205257936507937 0.03867063492063491 0.04517526455026459
0 0.17401537698412697 0.5276884920634921 0.04296626984126985 0.038495370370370326
0 0.056215277777777774 0.6594940476190476 0.03222470238095238 0.04239087301587296
0 0.18046130952380954 0.6628373015873016 0.040101686507936524 0.050988756613756556
0 0.30148561507936505 0.3786937830687831 0.03580605158730156 0.04031746031746034
0 0.2914583333333334 0.5315112433862433 0.037237103174603145 0.04995701058201064
0 0.41892609126984126 0.3930191798941799 0.03437251984126988 0.03841600529100531
0 0.42644593253968255 0.5329431216931216 0.043683035714285744 0.03754298941798948
0 0.41892609126984126 0.6580588624338625 0.040101686507936524 0.03188492063492066
0 0.30184275793650794 0.6666534391534392 0.025064484126984112 0.033799603174603184
0 0.5506919642857142 0.534375 0.03294146825396818 0.044229497354497355
0 0.5474702380952381 0.3868088624338624 0.02363095238095232 0.022175925925925908
0 0.5492609126984127 0.6771626984126984 0.0315079365079365 0.05099867724867718
0 0.6731473214285715 0.3920667989417989 0.0315079365079365 0.05560846560846556
0 0.674937996031746 0.5319874338624339 0.03079365079365076 0.03754298941798948
0 0.6709995039682539 0.6680919312169312 0.03580605158730156 0.05958664021164015
0 0.7877256944444445 0.39349867724867726 0.03437251984126988 0.04701058201058196
0 0.7956026785714285 0.5262566137566138 0.040101686507936406 0.04135912698412704
0 0.7884424603174603 0.6699999999999999 0.02434771825396827 0.04430886243386236
0 0.9033779761904762 0.5348511904761906 0.04797867063492059 0.03945436507936506
0 0.9005133928571428 0.6766865079365079 0.040818452380952365 0.04813161375661374