1 0.5399107142857144 0.14263640873015873 0.4652744708994708 0.23953373015873014
1 0.53260582010582 0.3833060515873016 0.46541997354497366 0.2473139880952381
1 0.5251554232804233 0.6228645833333333 0.46787367724867723 0.25270089285714287
1 0.517364417989418 0.8662574404761905 0.471957671957672 0.2603769841269842
0 0.40486441798941797 0.0739905753968254 0.038621031746031736 0.03705357142857142
0 0.5416997354497354 0.06625744047619048 0.028912037037036983 0.033968253968253974
0 0.5277546296296296 0.31556299603174603 0.035383597883597885 0.02500992063492067
0 0.38043650793650796 0.4365550595238095 0.03488756613756614 0.027951388888888845
0 0.3792328042328042 0.681500496031746 0.028468915343915394 0.027529761904761904
0 0.5211210317460317 0.8145486111111112 0.03196759259259262 0.03337053571428576
0 0.5327612433862433 0.18980902777777778 0.03751653439153433 0.03728422619047617
0 0.37172949735449734 0.7985639880952381 0.04317460317460316 0.034191468253968176
0 0.508449074074074 0.930672123015873 0.03751984126984128 0.03273809523809524
0 0.6736772486772487 0.19565476190476191 0.041269841269841255 0.02603174603174604
0 0.5293320105820106 0.4390997023809524 0.02791005291005294 0.026148313492063452
0 0.6454728835978836 0.9331820436507937 0.03383597883597889 0.028675595238095212
0 0.6563591269841269 0.4446552579365079 0.03536044973544968 0.02397073412698415
0 0.39595238095238094 0.3223883928571428 0.030102513227513294 0.020587797619047672
0 0.3645238095238095 0.9235912698412698 0.03279761904761899 0.03913690476190481
0 0.6471660052910053 0.805203373015873 0.0377215608465609 0.028097718253968246
0 0.6659424603174603 0.32016121031746037 0.040539021164021215 0.026465773809523818
0 0.5250694444444445 0.557936507936508 0.030456349206349178 0.028206845238095128
0 0.37846560846560845 0.5510069444444444 0.03441137566137564 0.02804315476190469
0 0.5292460317460318 0.6723635912698412 0.036501322751322784 0.03646825396825396
0 0.6540244708994709 0.682234623015873 0.03310515873015877 0.037110615079365104