1 0.5279398148148148 0.1336532738095238 0.45148809523809513 0.24225694444444443
1 0.5268022486772487 0.37377728174603175 0.44800595238095237 0.2380580357142857
1 0.5251554232804233 0.6228645833333333 0.46787367724867723 0.25270089285714287
1 0.5137367724867725 0.8387599206349207 0.44728835978835985 0.2467633928571428
0 0.4578306878306878 0.14259920634920636 0.03571759259259266 0.029429563492063514
0 0.544239417989418 0.13377728174603173 0.03979497354497359 0.028524305555555553
0 0.5241269841269841 0.3060342261904762 0.036835317460317415 0.02446428571428568
0 0.3815244708994709 0.4264806547619047 0.028356481481481483 0.0241393849206349
0 0.37052579365079363 0.6537301587301587 0.032824074074074144 0.02208581349206354
0 0.5131382275132276 0.7941294642857143 0.034871031746031685 0.02738095238095229
0 0.5291335978835978 0.18381944444444442 0.030261243386243458 0.025305059523809518
0 0.387691798941799 0.7849503968253968 0.03156415343915338 0.028747519841269806
0 0.5055456349206349 0.9001785714285714 0.03751984126984128 0.03273809523809524
0 0.6620667989417989 0.18612599206349206 0.04852513227513235 0.028754960317460332
0 0.5257043650793651 0.4252157738095238 0.026458333333333407 0.022336309523809512
0 0.6425694444444445 0.899967757936508 0.03963955026455023 0.030853174603174514
0 0.6545436507936507 0.42859126984126983 0.043343253968254024 0.025605158730158676
0 0.37382275132275133 0.30605406746031744 0.035181878306878266 0.02603174603174604
0 0.3717791005291005 0.9001785714285714 0.034249338624338675 0.03369295634920644
0 0.6406349206349207 0.8046577380952381 0.0377215608465609 0.028097718253968246
0 0.6463525132275132 0.3005580357142857 0.034735449735449724 0.024288194444444404
0 0.5167261904761905 0.5426909722222223 0.032632275132275075 0.030384424603174656
0 0.37520171957671955 0.5436557539682539 0.03513558201058201 0.020964781746031683
0 0.5357771164021164 0.6696403769841269 0.0350496031746031 0.033201884920634896
0 0.6395138888888889 0.6626314484126984 0.031653439153439086 0.025131448412698393
0 0.688941798941799 0.10971478174603175 0.03555224867724875 0.032775297619047614
0 0.38165674603174604 0.1875545634920635 0.02757275132275136 0.019756944444444466
0 0.640327380952381 0.5368948412698413 0.03410383597883602 0.02187251984126974