1 0.5538095238095239 0.18361359126984128 0.4051587301587303 0.21800843253968255
1 0.5490509259259259 0.3948710317460317 0.396547619047619 0.2142931547619047
1 0.5372652116402117 0.6042088293650794 0.396547619047619 0.2128571428571428
1 0.5322255291005292 0.8144295634920635 0.40130291005291013 0.21540178571428573
0 0.4247850529100529 0.1323735119047619 0.03083333333333326 0.031721230158730164
0 0.5438458994708995 0.14233878968253968 0.03178240740740745 0.028169642857142838
0 0.677853835978836 0.14322916666666666 0.040793650793650764 0.03137152777777778
0 0.4155357142857143 0.2581572420634921 0.03984457671957665 0.02713541666666666
0 0.5512003968253968 0.2569097222222222 0.030357142857142916 0.028913690476190457
0 0.6631481481481482 0.2682986111111111 0.038895502645502684 0.029630456349206327
0 0.4323743386243386 0.3397941468253968 0.03652447089947084 0.029603174603174635
0 0.551438492063492 0.3445982142857143 0.03462632275132276 0.02640376984126985
0 0.6619609788359788 0.3452901785714286 0.03462632275132276 0.0092881944444444
0 0.4219378306878307 0.442765376984127 0.032731481481481486 0.03133928571428574
0 0.5455092592592592 0.45771329365079366 0.026564153439153415 0.029925595238095203
0 0.6562698412698412 0.44579117063492063 0.03747354497354503 0.02956101190476192
0 0.4008300264550264 0.5461284722222222 0.032255291005290995 0.022467757936507973
0 0.5357837301587302 0.5516443452380952 0.032731481481481486 0.027810019841269868
0 0.6465443121693122 0.5491542658730159 0.03510251322751326 0.02994295634920624
0 0.39442460317460315 0.6642609126984127 0.027986111111111146 0.026773313492063446
0 0.5450330687830688 0.6605233134920635 0.03320436507936503 0.03353174603174599
0 0.6458333333333334 0.6516269841269842 0.033680555555555526 0.02854414682539686
0 0.4150595238095238 0.7533878968253968 0.04079365079365083 0.02429811507936514
0 0.5405257936507937 0.7336383928571429 0.033680555555555526 0.031049107142857045
0 0.6605390211640212 0.7645982142857143 0.04411375661375665 0.024660218253968327
0 0.38754629629629633 0.8586904761904761 0.021818783068783074 0.02144345238095239
0 0.5324636243386244 0.8565550595238095 0.03178240740740745 0.029982638888888972
0 0.6406150793650793 0.8640302579365079 0.04221891534391537 0.02998759920634917