1 0.4974636243386243 0.14640128968253968 0.46277777777777784 0.24688988095238096
1 0.5076653439153439 0.3873164682539682 0.46685846560846567 0.24513392857142854
1 0.5150132275132275 0.6237673611111112 0.46032738095238085 0.2491369047619047
1 0.5215410052910053 0.8598784722222222 0.4586970899470899 0.2536855158730158
0 0.36116071428571433 0.07966021825396825 0.03509589947089951 0.04607390873015873
0 0.47991732804232806 0.07781994047619047 0.04407407407407414 0.03260168650793651
0 0.642744708994709 0.08547619047619047 0.04652116402116397 0.0417906746031746
0 0.37054894179894177 0.21130704365079364 0.03427910052910048 0.04125248015873014
0 0.4868551587301587 0.21467509920634922 0.05305224867724862 0.03819196428571429
0 0.6476421957671957 0.20701884920634922 0.03999338624338626 0.03512648809523812
0 0.3550396825396826 0.3269444444444444 0.05386904761904765 0.032566964285714275
0 0.49134259259259255 0.33276289682539684 0.04407407407407414 0.03685763888888892
0 0.6525396825396825 0.32265873015873014 0.04978835978835977 0.039913194444444404
0 0.37095568783068783 0.45124255952380954 0.051418650793650725 0.027743055555555587
0 0.6468253968253969 0.4460391865079365 0.057949735449735376 0.024677579365079364
0 0.4978736772486772 0.4503249007936508 0.04081018518518514 0.027127976190476216
0 0.5080753968253968 0.5644618055555555 0.051418650793650725 0.030138888888888996
0 0.36728174603174607 0.5745659722222223 0.05060185185185185 0.030756448412698468
0 0.6525396825396825 0.5659920634920634 0.04815476190476187 0.027078373015873087
0 0.37177248677248675 0.6954389880952382 0.04978835978835977 0.03131944444444438
0 0.5080753968253968 0.6936036706349207 0.03999338624338626 0.036217757936507874
0 0.6582539682539682 0.696969246031746 0.039993386243386185 0.034382440476190504
0 0.38523809523809527 0.814811507936508 0.04407407407407414 0.031329365079365006
0 0.5150132275132275 0.808687996031746 0.05060185185185185 0.036225198412698514
0 0.6607010582010582 0.8050148809523809 0.044890873015873016 0.030099206349206268
0 0.5174603174603174 0.9228571428571428 0.04244047619047624 0.040518353174603144
0 0.6521296296296296 0.9194866071428571 0.04081018518518514 0.03377976190476186
0 0.37503637566137565 0.9314285714285714 0.04815476190476187 0.040523313492063576