1 0.1331969246031746 0.4905125661375661 0.2549379960317461 0.46064814814814814
1 0.3716641865079365 0.49624338624338626 0.24777529761904765 0.45874338624338634
1 0.6072643849206348 0.5067493386243386 0.2434796626984127 0.458746693121693
1 0.8414360119047619 0.5143882275132274 0.24204613095238103 0.4549305555555555
0 0.07779513888888889 0.338207671957672 0.031118551587301594 0.04168981481481483
0 0.2009449404761905 0.345271164021164 0.027145337301587313 0.0346296296296296
0 0.07713293650793651 0.4834656084656085 0.03509176587301587 0.04089285714285709
0 0.1903497023809524 0.48523148148148143 0.029794146825396852 0.035595238095238055
0 0.07018105158730159 0.6145998677248677 0.033105158730158735 0.04714947089947088
0 0.18141121031746033 0.615922619047619 0.029131944444444453 0.035671296296296263
0 0.3237624007936508 0.3465939153439153 0.022509920634920688 0.031984126984126955
0 0.4439310515873016 0.3823611111111111 0.024496527777777773 0.04701388888888891
0 0.31515376984126986 0.6132738095238095 0.03178075396825394 0.037437169312169324
0 0.42837053571428574 0.6243121693121694 0.019863591269841305 0.03302910052910057
0 0.5548313492063491 0.3607242063492063 0.022509920634920688 0.030224867724867755
0 0.681951884920635 0.3629298941798942 0.027807539682539656 0.03464285714285722
0 0.6743377976190476 0.4975958994708995 0.027145337301587257 0.03736772486772487
0 0.6706944444444444 0.6344675925925927 0.02515873015873006 0.0409821428571428
0 0.5541691468253968 0.6309325396825397 0.029131944444444453 0.03214947089947083
0 0.7941741071428572 0.3677876984126984 0.03111855158730165 0.033759920634920684
0 0.7766294642857142 0.4993617724867725 0.03045634920634925 0.03030423280423276
0 0.7825892857142858 0.6349074074074074 0.029131944444444453 0.03126653439153445
0 0.9199727182539682 0.3655787037037037 0.023172123015873087 0.02934523809523802
0 0.9097098214285714 0.5033366402116402 0.029131944444444453 0.0382539682539682
0 0.9044122023809524 0.6432969576719576 0.033105158730158624 0.037453703703703774